Elapsed time [s]:
3954.4583418369293

Used dataset:
minimal_datasets/dataset_1.pt

Train losses
14.716435551643372	14.720453977584839	14.617420494556427	14.638043940067291	14.638686656951904	14.652789771556854	14.658678412437439	14.624649584293365	14.612273633480072	14.596478015184402	14.599821031093597	14.630334436893463	14.689521133899689	14.706253439188004	14.633128970861435	

Test losses
14.819299221038818	14.817197322845459	14.817192077636719	14.817192435264587	14.817192435264587	14.817192435264587	14.817192435264587	14.817192435264587	14.817192435264587	14.817192435264587	14.817192435264587	14.817192435264587	14.817192435264587	14.817192435264587	14.817192435264587	

Learning rate
0.0001	0.0001	0.0001	6e-05	6e-05	6e-05	3.6e-05	3.6e-05	3.6e-05	2.16e-05	2.16e-05	2.16e-05	1.296e-05	1.296e-05	1.296e-05	7.776e-06	7.776e-06	7.776e-06	4.6656e-06	4.6656e-06	4.6656e-06	2.79936e-06	2.79936e-06	2.79936e-06	1.679616e-06	1.679616e-06	1.679616e-06	1.0077696e-06	1.0077696e-06	1.0077696e-06	6.0466176e-07	6.0466176e-07	6.0466176e-07	3.62797056e-07	3.62797056e-07	3.62797056e-07	2.176782336e-07	2.176782336e-07	2.176782336e-07	1.3060694016e-07	1.3060694016e-07	1.3060694016e-07	7.836416409599999e-08	7.836416409599999e-08	7.836416409599999e-08	4.701849845759999e-08	4.701849845759999e-08	4.701849845759999e-08	2.8211099074559995e-08	2.8211099074559995e-08	2.8211099074559995e-08	1.6926659444735996e-08	1.6926659444735996e-08	1.6926659444735996e-08	1.0155995666841597e-08	1.0155995666841597e-08	1.0155995666841597e-08	6.093597400104958e-09	6.093597400104958e-09	6.093597400104958e-09	3.656158440062975e-09	3.656158440062975e-09	3.656158440062975e-09	2.193695064037785e-09	2.193695064037785e-09	2.193695064037785e-09	1.3162170384226709e-09	1.3162170384226709e-09	1.3162170384226709e-09	7.897302230536025e-10	7.897302230536025e-10	7.897302230536025e-10	4.738381338321615e-10	4.738381338321615e-10	4.738381338321615e-10	2.843028802992969e-10	2.843028802992969e-10	2.843028802992969e-10	1.7058172817957813e-10	1.7058172817957813e-10	1.7058172817957813e-10	1.0234903690774688e-10	1.0234903690774688e-10	1.0234903690774688e-10	6.140942214464813e-11	6.140942214464813e-11	6.140942214464813e-11	3.6845653286788874e-11	3.6845653286788874e-11	3.6845653286788874e-11	2.2107391972073325e-11	2.2107391972073325e-11	2.2107391972073325e-11	1.3264435183243994e-11	1.3264435183243994e-11	1.3264435183243994e-11	7.958661109946396e-12	7.958661109946396e-12	7.958661109946396e-12	4.775196665967838e-12	4.775196665967838e-12	4.775196665967838e-12	2.8651179995807025e-12	2.8651179995807025e-12	2.8651179995807025e-12	1.7190707997484215e-12	1.7190707997484215e-12	1.7190707997484215e-12	1.0314424798490528e-12	1.0314424798490528e-12	1.0314424798490528e-12	6.188654879094317e-13	6.188654879094317e-13	6.188654879094317e-13	3.7131929274565897e-13	3.7131929274565897e-13	3.7131929274565897e-13	2.2279157564739538e-13	2.2279157564739538e-13	2.2279157564739538e-13	1.3367494538843722e-13	1.3367494538843722e-13	1.3367494538843722e-13	8.020496723306233e-14	8.020496723306233e-14	8.020496723306233e-14	4.812298033983739e-14	4.812298033983739e-14	4.812298033983739e-14	2.887378820390243e-14	2.887378820390243e-14	2.887378820390243e-14	1.732427292234146e-14	1.732427292234146e-14	1.732427292234146e-14	1.0394563753404874e-14	1.0394563753404874e-14	1.0394563753404874e-14	6.236738252042924e-15	6.236738252042924e-15	6.236738252042924e-15	3.742042951225754e-15	3.742042951225754e-15	3.742042951225754e-15	2.2452257707354522e-15	2.2452257707354522e-15	2.2452257707354522e-15	1.3471354624412713e-15	1.3471354624412713e-15	1.3471354624412713e-15	8.082812774647627e-16	8.082812774647627e-16	8.082812774647627e-16	4.849687664788576e-16	4.849687664788576e-16	4.849687664788576e-16	2.9098125988731454e-16	2.9098125988731454e-16	2.9098125988731454e-16	1.7458875593238872e-16	1.7458875593238872e-16	1.7458875593238872e-16	1.0475325355943323e-16	1.0475325355943323e-16	1.0475325355943323e-16	6.285195213565994e-17	6.285195213565994e-17	6.285195213565994e-17	3.771117128139596e-17	3.771117128139596e-17	3.771117128139596e-17	2.2626702768837574e-17	2.2626702768837574e-17	2.2626702768837574e-17	1.3576021661302543e-17	1.3576021661302543e-17	1.3576021661302543e-17	8.145612996781525e-18	8.145612996781525e-18	8.145612996781525e-18	4.887367798068915e-18	4.887367798068915e-18	4.887367798068915e-18	2.9324206788413488e-18	2.9324206788413488e-18	2.9324206788413488e-18	1.759452407304809e-18	1.759452407304809e-18	1.759452407304809e-18	1.0556714443828854e-18	1.0556714443828854e-18	1.0556714443828854e-18	6.334028666297313e-19	6.334028666297313e-19	6.334028666297313e-19	3.8004171997783874e-19	3.8004171997783874e-19	3.8004171997783874e-19	2.2802503198670323e-19	2.2802503198670323e-19	2.2802503198670323e-19	1.3681501919202193e-19	1.3681501919202193e-19	1.3681501919202193e-19	8.208901151521316e-20	8.208901151521316e-20	8.208901151521316e-20	4.925340690912789e-20	4.925340690912789e-20	4.925340690912789e-20	2.955204414547673e-20	2.955204414547673e-20	2.955204414547673e-20	1.773122648728604e-20	1.773122648728604e-20	1.773122648728604e-20	1.0638735892371624e-20	1.0638735892371624e-20	1.0638735892371624e-20	6.383241535422974e-21	6.383241535422974e-21	6.383241535422974e-21	3.829944921253784e-21	3.829944921253784e-21	3.829944921253784e-21	2.2979669527522705e-21	2.2979669527522705e-21	2.2979669527522705e-21	1.3787801716513622e-21	1.3787801716513622e-21	1.3787801716513622e-21	8.272681029908173e-22	8.272681029908173e-22	8.272681029908173e-22	4.963608617944904e-22	4.963608617944904e-22	4.963608617944904e-22	2.9781651707669423e-22	2.9781651707669423e-22	2.9781651707669423e-22	1.7868991024601654e-22	1.7868991024601654e-22	1.7868991024601654e-22	1.0721394614760992e-22	1.0721394614760992e-22	1.0721394614760992e-22	6.432836768856595e-23	6.432836768856595e-23	6.432836768856595e-23	3.859702061313957e-23	3.859702061313957e-23	3.859702061313957e-23	2.315821236788374e-23	2.315821236788374e-23	2.315821236788374e-23	1.3894927420730244e-23	1.3894927420730244e-23	1.3894927420730244e-23	8.336956452438146e-24	8.336956452438146e-24	8.336956452438146e-24	5.002173871462887e-24	5.002173871462887e-24	5.002173871462887e-24	3.0013043228777322e-24	3.0013043228777322e-24	3.0013043228777322e-24	1.8007825937266392e-24	1.8007825937266392e-24	1.8007825937266392e-24	1.0804695562359835e-24	1.0804695562359835e-24	1.0804695562359835e-24	6.482817337415901e-25	6.482817337415901e-25	6.482817337415901e-25	3.8896904024495405e-25	3.8896904024495405e-25	3.8896904024495405e-25	2.333814241469724e-25	2.333814241469724e-25	2.333814241469724e-25	1.4002885448818345e-25	1.4002885448818345e-25	1.4002885448818345e-25	8.401731269291006e-26	8.401731269291006e-26	8.401731269291006e-26	5.041038761574604e-26	5.041038761574604e-26	5.041038761574604e-26	3.024623256944762e-26	3.024623256944762e-26	3.024623256944762e-26	1.8147739541668572e-26	1.8147739541668572e-26	1.8147739541668572e-26	1.0888643725001142e-26	1.0888643725001142e-26	1.0888643725001142e-26	6.533186235000685e-27	6.533186235000685e-27	6.533186235000685e-27	3.919911741000411e-27	3.919911741000411e-27	3.919911741000411e-27	2.3519470446002467e-27	2.3519470446002467e-27	2.3519470446002467e-27	1.411168226760148e-27	1.411168226760148e-27	1.411168226760148e-27	8.467009360560887e-28	8.467009360560887e-28	8.467009360560887e-28	5.080205616336532e-28	5.080205616336532e-28	5.080205616336532e-28	3.048123369801919e-28	3.048123369801919e-28	3.048123369801919e-28	1.8288740218811513e-28	1.8288740218811513e-28	1.8288740218811513e-28	1.0973244131286908e-28	1.0973244131286908e-28	1.0973244131286908e-28	6.583946478772144e-29	6.583946478772144e-29	6.583946478772144e-29	3.9503678872632866e-29	3.9503678872632866e-29	3.9503678872632866e-29	2.3702207323579717e-29	2.3702207323579717e-29	2.3702207323579717e-29	1.422132439414783e-29	1.422132439414783e-29	1.422132439414783e-29	8.532794636488697e-30	8.532794636488697e-30	8.532794636488697e-30	5.119676781893218e-30	5.119676781893218e-30	5.119676781893218e-30	3.0718060691359304e-30	3.0718060691359304e-30	3.0718060691359304e-30	1.8430836414815582e-30	1.8430836414815582e-30	1.8430836414815582e-30	1.105850184888935e-30	1.105850184888935e-30	1.105850184888935e-30	6.635101109333609e-31	6.635101109333609e-31	6.635101109333609e-31	3.981060665600165e-31	3.981060665600165e-31	3.981060665600165e-31	2.388636399360099e-31	2.388636399360099e-31	2.388636399360099e-31	1.4331818396160593e-31	1.4331818396160593e-31	1.4331818396160593e-31	8.599091037696356e-32	8.599091037696356e-32	8.599091037696356e-32	5.159454622617814e-32	5.159454622617814e-32	5.159454622617814e-32	3.095672773570688e-32	3.095672773570688e-32	3.095672773570688e-32	1.8574036641424128e-32	1.8574036641424128e-32	1.8574036641424128e-32	1.1144421984854476e-32	1.1144421984854476e-32	1.1144421984854476e-32	6.686653190912685e-33	6.686653190912685e-33	6.686653190912685e-33	4.011991914547611e-33	4.011991914547611e-33	4.011991914547611e-33	2.4071951487285663e-33	2.4071951487285663e-33	2.4071951487285663e-33	1.4443170892371397e-33	1.4443170892371397e-33	1.4443170892371397e-33	8.665902535422838e-34	8.665902535422838e-34	8.665902535422838e-34	5.1995415212537025e-34	5.1995415212537025e-34	5.1995415212537025e-34	3.1197249127522215e-34	3.1197249127522215e-34	3.1197249127522215e-34	1.8718349476513328e-34	1.8718349476513328e-34	1.8718349476513328e-34	1.1231009685907996e-34	1.1231009685907996e-34	1.1231009685907996e-34	6.738605811544798e-35	6.738605811544798e-35	6.738605811544798e-35	4.0431634869268784e-35	4.0431634869268784e-35	4.0431634869268784e-35	2.425898092156127e-35	2.425898092156127e-35	2.425898092156127e-35	1.4555388552936761e-35	1.4555388552936761e-35	1.4555388552936761e-35	8.733233131762056e-36	8.733233131762056e-36	8.733233131762056e-36	5.239939879057234e-36	5.239939879057234e-36	5.239939879057234e-36	3.14396392743434e-36	3.14396392743434e-36	3.14396392743434e-36	1.886378356460604e-36	1.886378356460604e-36	1.886378356460604e-36	1.1318270138763623e-36	1.1318270138763623e-36	1.1318270138763623e-36	6.7909620832581736e-37	6.7909620832581736e-37	6.7909620832581736e-37	4.074577249954904e-37	4.074577249954904e-37	4.074577249954904e-37	2.444746349972942e-37	2.444746349972942e-37	2.444746349972942e-37	1.4668478099837651e-37	1.4668478099837651e-37	1.4668478099837651e-37	8.801086859902591e-38	8.801086859902591e-38	8.801086859902591e-38	5.280652115941554e-38	5.280652115941554e-38	5.280652115941554e-38	3.1683912695649323e-38	3.1683912695649323e-38	3.1683912695649323e-38	1.9010347617389594e-38	1.9010347617389594e-38	1.9010347617389594e-38	1.1406208570433756e-38	1.1406208570433756e-38	1.1406208570433756e-38	6.843725142260254e-39	6.843725142260254e-39	6.843725142260254e-39	4.1062350853561524e-39	4.1062350853561524e-39	4.1062350853561524e-39	2.4637410512136913e-39	2.4637410512136913e-39	2.4637410512136913e-39	1.4782446307282147e-39	1.4782446307282147e-39	1.4782446307282147e-39	8.869467784369287e-40	8.869467784369287e-40	8.869467784369287e-40	5.321680670621572e-40	5.321680670621572e-40	5.321680670621572e-40	

Parameters

    "training": {
        "train_perc": 0.8,
        "batch_size": 128,
        "epochs": 15,
        "learning_rate": 0.0001,
        "lr_scheduler": "step",
        "_possible_schedulers": [
            "none",
            "step"
        ],
        "optimizer_kind": "adam",
        "loss_kind": "custom1",
        "_possible_losses": [
            "per_pixel",
            "per_pixel_mse",
            "tv_loss",
            "custom1"
        ],
        "model_kind": "DINCAE_pconvs",
        "_possible_model_kinds": [
            "simple_conv",
            "conv_unet",
            "conv_maxpool",
            "DINCAE_like",
            "DINCAE_pconvs"
        ],
        "placeholder": 0.0
    },
    "dataset": {
        "cutted_nrows": 128,
        "cutted_ncols": 128,
        "n_cutted_images": 5000,
        "nans_threshold": 0.3,
        "nan_placeholder": -2.0,
        "mask_kind": "square",
        "_possible_mask_kinds": [
            "square",
            "lines"
        ],
        "same_mask": false,
        "dataset_kind": "temperature",
        "_possible_dataset_kinds": [
            "biochemistry",
            "temperature"
        ],
        "biochemistry": {
            "n_images": 31,
            "n_channels": 13,
            "x_shape_raw": 681,
            "y_shape_raw": 1440,
            "masked_channels": [
                0,
                3
            ],
            "channels_to_keep": [
                "spco2",
                "no3",
                "si",
                "fe",
                "phyc"
            ],
            "channels_list": [
                "nppv",
                "o2",
                "ph",
                "dissic",
                "talk",
                "spco2",
                "no3",
                "po4",
                "si",
                "fe",
                "phyc",
                "chl"
            ]
        },
        "temperature": {
            "n_images": 31,
            "n_channels": 5,
            "x_shape_raw": 1600,
            "y_shape_raw": 3600,
            "masked_channels": [
                0,
                1
            ],
            "channels_to_keep": [
                "sea_surface_temperature",
                "sea_surface_temperature_stddev",
                "or_latitude",
                "or_longitude"
            ],
            "channels_list": [
                "crs",
                "sea_surface_temperature",
                "or_number_of_pixels",
                "sea_surface_temperature_stddev",
                "quality_level",
                "sses_bias",
                "sses_standard_deviation",
                "satellite_zenith_angle",
                "or_latitude",
                "or_longitude",
                "adjusted_sea_surface_temperature",
                "solar_zenith_angle",
                "bias_to_reference_sst",
                "sources_of_sst",
                "sst_dtime"
            ]
        }
    },
    "models": {
        "DINCAE_pconvs": {
            "middle_channels": [
                16,
                30,
                58,
                110,
                209
            ],
            "kernel_sizes": [
                3,
                3,
                3,
                3,
                3
            ],
            "pooling_sizes": [
                2,
                2,
                2,
                2,
                2
            ],
            "interp_mode": "bilinear",
            "_possible_interpolation_modes": [
                "nearest",
                "linear",
                "bilinear",
                "bicubic",
                "trilinear"
            ]
        },
        "DINCAE_like": {
            "middle_channels": [
                16,
                30,
                58,
                110,
                209
            ],
            "kernel_sizes": [
                3,
                3,
                3,
                3,
                3
            ],
            "pooling_sizes": [
                2,
                2,
                2,
                2,
                2
            ],
            "output_size": 15,
            "interp_mode": "bilinear",
            "_possible_interpolation_modes": [
                "nearest",
                "linear",
                "bilinear",
                "bicubic",
                "trilinear"
            ]
        },
        "simple_conv": {
            "middle_channels": [
                32,
                64,
                128
            ],
            "kernel_size": [
                3,
                3,
                3
            ],
            "stride": [
                1,
                1,
                1
            ],
            "padding": [
                1,
                1,
                1
            ],
            "output_padding": [
                0,
                0,
                0
            ]
        },
        "conv_unet": {
            "middle_channels": [
                32,
                64,
                128
            ],
            "kernel_size": [
                3,
                3,
                3
            ],
            "stride": [
                1,
                1,
                1
            ],
            "padding": [
                1,
                1,
                1
            ],
            "output_padding": [
                0,
                0,
                0
            ]
        },
        "conv_maxpool": {
            "middle_channels": [
                32,
                64,
                128,
                256,
                512
            ],
            "kernel_size": 3,
            "stride": 1,
            "pool_size": 2,
            "up_kernel": 3,
            "up_stride": 2,
            "print_sizes": false
        }
    },
    "masks": {
        "square": {
            "mask_percentage": 0.1
        },
        "lines": {
            "num_lines": 5,
            "min_thickness": 1,
            "max_thickness": 5
        }
    },
    "lr_schedulers": {
        "step": {
            "step_size": 3,
            "gamma": 0.6
        }
    }
